99
92
132
128
51
77
9
111
38
130
32
82
125
19
130
100
127
1
63
135
0
85
136
80
43
0
10
98
69
51
88
18
143
122
48
97
49
109
58
139
141
90
72
116
11
104
66
40
105
31
26
105
116
12
36
61
64
98
9
133
149
149
53
142
24
3
141
73
112
50
115
103
42
89
121
54
95
37
94
51
120
22
58
86
86
146
147
1
94
59
36
145
110
90
138
134
93
31
110
108
81
127
113
26
118
85
132
63
24
128
114
145
1
75
81
139
71
131
140
68
92
27
63
52
19
103
89
14
135
49
122
118
26
138
144
144
73
28
57
149
7
74
144
8
149
128
49
122
11
92
40
5
21
104
57
40
57
146
106
94
97
131
63
123
119
109
19
94
138
129
93
145
53
140
55
104
20
6
76
31
98
117
36
119
123
145
61
82
44
18
79
43
149
142
17
118
3
88
62
141
67
57
38
22
47
145
126
67
2
53
0
100
72
88
70
97
136
131
29
82
51
108
125
50
2
44
70
6
133
132
49
102
92
140
125
139
135
101
109
39
56
11
140
128
2
112
127
40
145
7
122
47
17
97
149
72
44
70
78
27
104
29
31
46
71
6
88
57
10
99
148
66
110
40
97
14
2
74
54
50
133
26
97
1
26
148
73
70
68
53
149
23
134
30
69
56
89
59
15
99
8
13
67
21
54
66
35
108
141
90
8
26
18
7
27
44
6
2
16
126
107
15
149
144
98
121
102
89
30
117
90
39
32
7
60
138
74
95
97
117
87
7
143
106
67
73
52
125
127
